Samoens-GIS/dem/IGN/dem_Samoens.asc
ncols         302
nrows         189
xllcorner     324833.65168502
[rows 76 to 113 of 189, columns 0 to 84 of 302]
2075 2070 2059 2050 2038 2026 2016 1984 1968 1951 1226 1220 1214 1209 1203 1200 1198 1197 1200 1201 1202 1202 1201 1195 1190 1184 1175 1153 1141 1129 1116 1095 1085 1075 1066 1049 1041 1034 1028 1023 1012 1010 1011 1012 1017 1020 1024 1029 1040 1047 1055 1064 1085 1097 1110 1122 1134 1163 1177 1184 1199 1228 1245 1263 1281 1316 1333 1350 1365 1380 1405 1415 1436 1474 1523 1547 1568 1590 1621 1631 1641 1651 1672 1684 1700
2061 2057 2048 2041 2031 2019 2008 1985 1960 1951 1222 1215 1214 1209 1203 1200 1198 1197 1196 1196 1196 1195 1192 1189 1185 1179 1171 1150 1138 1126 1114 1093 1084 1074 1065 1050 1042 1034 1027 1022 1009 1007 1007 1008 1013 1017 1021 1026 1040 1049 1058 1069 1093 1097 1110 1122 1134 1163 1177 1192 1207 1238 1256 1274 1294 1332 1350 1367 1382 1411 1424 1434 1450 1482 1524 1545 1563 1581 1610 1621 1632 1643 1658 1675 1690
2047 2044 2036 2041 2031 2019 1997 1985 1960 1936 1222 1215 1210 1205 1198 1196 1195 1193 1191 1191 1190 1190 1187 1184 1180 1175 1168 1149 1136 1124 1112 1092 1082 1073 1065 1050 1041 1033 1026 1014 1007 1004 1004 1005 1010 1013 1018 1026 1040 1049 1058 1069 1093 1106 1118 1129 1154 1169 1183 1197 1212 1249 1268 1287 1307 1347 1364 1381 1395 1421 1433 1445 1457 1474 1514 1533 1551 1566 1591 1610 1622 1634 1642 1662 1677
2047 2044 2036 2031 2023 2012 1994 1985 1953 1920 1216 1210 1205 1201 1194 1192 1191 1189 1187 1187 1186 1185 1184 1182 1179 1174 1160 1149 1136 1124 1112 1090 1081 1072 1064 1048 1040 1032 1024 1011 1005 1001 1004 1007 1010 1013 1018 1024 1039 1050 1061 1074 1100 1112 1124 1135 1159 1173 1187 1200 1218 1261 1283 1303 1323 1359 1375 1389 1401 1424 1435 1447 1460 1488 1506 1525 1541 1554 1575 1588 1601 1610 1632 1662 1677
2035 2033 2026 2021 2015 2008 1993 1985 1945 1905 1210 1205 1201 1194 1191 1189 1187 1185 1184 1183 1182 1182 1182 1181 1178 1174 1161 1150 1138 1125 1112 1088 1078 1069 1060 1044 1040 1032 1024 1011 1005 1001 1001 1005 1008 1012 1016 1022 1039 1050 1063 1076 1104 1116 1128 1139 1162 1177 1191 1208 1251 1275 1299 1320 1337 1367 1380 1391 1401 1422 1432 1443 1455 1481 1494 1509 1523 1565 1575 1588 1601 1610 1632 1647 1660
2026 2025 2019 2015 2011 2007 1995 1978 1955 1925 1205 1200 1196 1190 1188 1186 1184 1183 1181 1181 1180 1180 1180 1179 1177 1173 1161 1150 1138 1126 1100 1088 1078 1069 1060 1044 1036 1029 1021 1008 1002 1000 1000 1004 1008 1012 1017 1030 1040 1052 1064 1078 1106 1118 1130 1141 1165 1179 1196 1218 1265 1289 1312 1331 1345 1369 1379 1387 1395 1414 1423 1443 1455 1481 1494 1509 1523 1551 1563 1575 1586 1597 1620 1632 1644
2021 2019 2014 2011 2008 2004 1992 1985 1960 1944 1200 1196 1192 1187 1185 1183 1182 1180 1180 1179 1179 1179 1178 1177 1177 1173 1161 1150 1138 1126 1099 1086 1074 1064 1045 1038 1031 1024 1017 1004 1000 999 1000 1005 1008 1013 1019 1033 1042 1054 1066 1080 1107 1119 1131 1142 1169 1183 1202 1226 1275 1297 1317 1333 1355 1369 1379 1387 1395 1414 1423 1434 1446 1471 1482 1495 1509 1536 1550 1562 1573 1595 1606 1616 1627
2019 2012 2009 2007 2003 1997 1986 1978 1964 1940 1195 1191 1188 1184 1182 1181 1180 1179 1180 1179 1179 1179 1178 1177 1176 1172 1160 1150 1138 1125 1097 1083 1071 1059 1040 1033 1026 1018 1011 1002 999 999 1000 1006 1010 1015 1021 1035 1045 1056 1068 1094 1107 1119 1131 1144 1172 1189 1209 1226 1275 1297 1317 1333 1355 1363 1371 1377 1383 1400 1410 1421 1434 1459 1470 1482 1495 1520 1533 1546 1558 1579 1589 1598 1608
2017 2008 2004 2000 1994 1988 1976 1968 1956 1940 1190 1186 1184 1184 1182 1181 1180 1179 1178 1178 1178 1178 1177 1176 1175 1171 1159 1148 1135 1121 1091 1078 1066 1055 1036 1028 1021 1013 1003 1001 999 999 1001 1007 1012 1018 1023 1037 1046 1058 1069 1094 1106 1119 1131 1144 1172 1189 1209 1232 1276 1296 1313 1326 1343 1349 1355 1360 1372 1382 1394 1407 1421 1448 1458 1468 1479 1504 1515 1526 1538 1558 1567 1577 1586
2017 2004 1998 2000 1994 1983 1976 1968 1956 1939 1190 1186 1184 1181 1180 1179 1179 1177 1177 1177 1177 1177 1176 1175 1173 1163 1155 1144 1130 1115 1084 1071 1059 1049 1031 1023 1016 1009 1001 1000 999 999 1001 1009 1014 1020 1025 1038 1046 1058 1069 1094 1106 1119 1131 1159 1175 1193 1214 1234 1271 1288 1302 1312 1324 1328 1332 1336 1350 1361 1375 1390 1422 1435 1445 1454 1464 1488 1497 1506 1516 1533 1541 1551 1559
2017 2004 1998 1992 1985 1972 1963 1953 1941 1926 1185 1182 1181 1179 1178 1178 1178 1178 1178 1177 1177 1176 1175 1173 1171 1159 1150 1138 1124 1108 1076 1063 1052 1044 1025 1017 1011 1005 999 998 998 999 1004 1009 1014 1020 1025 1038 1047 1058 1069 1094 1106 1118 1131 1160 1176 1193 1212 1231 1262 1275 1286 1292 1300 1303 1306 1309 1326 1339 1355 1373 1407 1420 1430 1439 1449 1471 1480 1488 1496 1510 1517 1551 1559
2015 1997 1990 1983 1975 1956 1946 1934 1921 1886 1182 1180 1177 1178 1178 1179 1179 1179 1179 1179 1178 1177 1175 1173 1170 1155 1144 1131 1117 1086 1071 1058 1048 1040 1019 1011 1011 1005 999 998 998 999 1006 1010 1016 1022 1027 1039 1048 1057 1067 1092 1104 1117 1130 1157 1172 1188 1204 1235 1247 1257 1263 1268 1272 1275 1279 1284 1303 1318 1335 1355 1389 1402 1412 1421 1442 1471 1480 1488 1496 1510 1517 1524 1531
2009 1989 1980 1970 1960 1937 1924 1911 1897 1865 1180 1178 1177 1178 1179 1180 1181 1183 1183 1183 1182 1180 1178 1174 1170 1152 1140 1127 1112 1081 1071 1058 1048 1040 1019 1011 1005 1000 995 995 997 999 1007 1012 1018 1024 1034 1039 1047 1055 1064 1087 1100 1113 1126 1151 1164 1177 1190 1213 1223 1231 1235 1241 1242 1246 1252 1260 1283 1298 1316 1336 1389 1402 1412 1421 1442 1452 1461 1469 1477 1490 1496 1501 1506
2002 1981 1970 1958 1946 1918 1901 1884 1870 1845 1179 1177 1178 1179 1181 1183 1188 1189 1190 1190 1189 1186 1182 1177 1171 1152 1140 1127 1112 1081 1068 1055 1044 1024 1012 1003 998 994 991 992 995 998 1008 1014 1019 1025 1034 1038 1045 1052 1061 1082 1094 1107 1119 1141 1151 1160 1168 1185 1193 1200 1204 1211 1214 1219 1252 1260 1283 1298 1316 1336 1368 1380 1391 1402 1421 1431 1439 1447 1460 1466 1471 1475 1479
1986 1975 1963 1950 1936 1902 1883 1864 1848 1827 1178 1178 1180 1182 1184 1187 1194 1196 1198 1190 1188 1186 1182 1177 1171 1150 1136 1122 1108 1078 1065 1051 1039 1015 1003 995 990 987 986 988 992 997 1009 1015 1020 1024 1033 1037 1041 1048 1065 1075 1086 1098 1109 1126 1133 1139 1143 1153 1193 1200 1204 1211 1214 1219 1227 1249 1263 1279 1297 1314 1345 1357 1370 1380 1397 1404 1411 1417 1428 1433 1438 1443 1446
1980 1968 1956 1943 1926 1889 1870 1852 1835 1812 1179 1179 1182 1182 1184 1187 1194 1196 1198 1199 1198 1195 1190 1183 1174 1148 1132 1116 1101 1075 1062 1048 1034 1007 995 987 981 977 979 983 988 994 1008 1013 1018 1022 1029 1033 1038 1042 1057 1067 1076 1086 1118 1126 1133 1139 1143 1153 1160 1167 1174 1183 1189 1195 1204 1231 1246 1263 1279 1294 1323 1336 1347 1356 1368 1373 1377 1382 1391 1396 1401 1406 1412
1978 1965 1952 1935 1907 1889 1870 1852 1835 1812 1179 1179 1182 1184 1187 1190 1200 1204 1207 1209 1209 1205 1199 1190 1164 1146 1127 1109 1094 1069 1058 1045 1030 1002 988 978 972 969 971 976 982 990 1004 1010 1014 1017 1024 1028 1038 1042 1057 1067 1076 1086 1102 1108 1112 1115 1116 1121 1127 1134 1142 1156 1163 1172 1184 1213 1229 1245 1261 1288 1302 1313 1322 1329 1336 1338 1340 1344 1353 1358 1364 1369 1373
1978 1965 1952 1935 1897 1878 1861 1844 1828 1804 1180 1181 1182 1185 1189 1194 1206 1212 1216 1219 1219 1215 1207 1197 1166 1145 1124 1105 1088 1063 1052 1040 1026 997 982 970 963 960 963 968 975 990 1004 1010 1014 1017 1024 1028 1032 1037 1049 1057 1065 1072 1083 1086 1088 1089 1087 1089 1093 1099 1107 1127 1139 1151 1165 1193 1208 1224 1239 1263 1276 1287 1294 1298 1302 1303 1305 1307 1316 1323 1329 1331 1373
1979 1965 1948 1927 1888 1870 1854 1839 1813 1801 1180 1181 1184 1187 1192 1199 1213 1220 1225 1229 1229 1224 1215 1203 1166 1144 1122 1103 1071 1058 1046 1033 1020 992 976 963 954 960 963 968 975 990 997 1003 1007 1011 1018 1021 1025 1029 1039 1044 1050 1055 1060 1061 1062 1061 1060 1059 1057 1062 1073 1102 1117 1131 1143 1169 1183 1197 1210 1232 1243 1254 1261 1268 1269 1271 1305 1307 1316 1323 1329 1331 1330
1986 1970 1948 1925 1881 1863 1848 1835 1811 1797 1180 1183 1186 1190 1196 1211 1218 1226 1232 1236 1237 1231 1222 1208 1167 1143 1120 1099 1068 1054 1040 1033 1020 992 976 963 954 951 953 958 964 979 987 993 998 1006 1010 1013 1016 1020 1026 1029 1031 1034 1034 1032 1032 1031 1034 1033 1030 1035 1064 1079 1095 1109 1121 1144 1156 1168 1179 1198 1243 1254 1261 1268 1269 1271 1273 1274 1282 1288 1290 1288 1283
2000 1981 1956 1931 1883 1861 1844 1831 1807 1793 1180 1185 1188 1193 1200 1214 1222 1229 1235 1239 1239 1234 1224 1211 1168 1143 1120 1099 1068 1054 1040 1026 1000 986 971 956 946 941 943 946 952 966 974 981 987 997 1000 1004 1007 1011 1011 1011 1011 1009 1004 1001 999 998 1004 1007 1009 1016 1041 1055 1071 1086 1121 1144 1156 1168 1179 1198 1208 1218 1225 1236 1240 1242 1245 1250 1253 1253 1248 1243 1239
2019 1999 1972 1944 1889 1865 1844 1827 1800 1786 1180 1185 1190 1195 1202 1216 1223 1229 1234 1241 1239 1234 1224 1211 1168 1143 1119 1097 1065 1050 1034 1020 993 979 965 951 940 932 932 934 939 951 959 967 974 986 990 993 996 996 994 992 988 982 971 967 965 964 972 977 1009 1016 1041 1055 1071 1086 1110 1120 1130 1140 1149 1167 1176 1185 1193 1207 1212 1216 1219 1226 1225 1220 1213 1209 1205
2039 2019 1992 1960 1893 1865 1841 1820 1787 1774 1179 1185 1189 1195 1202 1216 1223 1229 1234 1239 1237 1231 1222 1209 1166 1142 1118 1094 1060 1044 1028 1014 986 972 959 947 927 923 922 923 926 937 944 952 960 973 977 979 979 976 972 967 961 946 971 967 965 964 972 977 983 992 1016 1031 1046 1061 1086 1096 1105 1114 1122 1138 1147 1156 1164 1179 1184 1188 1191 1197 1195 1191 1188 1182 1179
2055 2034 2006 1923 1893 1865 1841 1820 1787 1774 1179 1185 1189 1195 1202 1215 1221 1227 1231 1234 1231 1226 1217 1185 1163 1140 1116 1092 1053 1036 1020 1006 979 966 954 942 922 917 914 913 918 924 931 938 946 957 959 959 958 976 972 967 961 946 940 935 933 934 943 949 956 966 990 1005 1022 1037 1064 1075 1084 1092 1105 1112 1119 1126 1133 1147 1152 1155 1157 1161 1160 1159 1159 1158 1156
2055 2034 2006 1923 1887 1857 1831 1806 1771 1759 1179 1183 1188 1194 1200 1212 1217 1222 1225 1227 1224 1218 1209 1180 1160 1137 1113 1090 1049 1030 1012 998 972 960 948 937 918 912 908 906 908 913 918 938 946 957 959 959 958 950 945 938 931 919 913 910 909 914 919 925 931 939 961 978 996 1015 1046 1058 1067 1074 1083 1088 1093 1098 1104 1114 1117 1120 1122 1123 1123 1124 1126 1130 1156
2066 2043 2013 1912 1875 1844 1813 1767 1755 1745 1177 1181 1185 1191 1196 1207 1212 1216 1219 1219 1216 1210 1201 1174 1155 1134 1111 1068 1048 1027 1007 991 967 955 944 933 916 912 908 906 908 913 918 925 935 938 939 937 934 925 918 911 905 896 893 892 893 898 902 907 910 913 932 948 968 989 1025 1038 1049 1055 1061 1065 1069 1072 1079 1082 1084 1086 1122 1123 1123 1124 1126 1130 1132
2072 2044 2010 1903 1861 1823 1785 1749 1740 1732 1176 1179 1184 1189 1199 1203 1207 1210 1213 1213 1210 1203 1194 1167 1149 1130 1110 1069 1048 1025 1004 979 967 955 944 933 916 909 904 901 901 904 908 912 918 919 919 917 913 902 896 891 886 881 880 880 881 885 889 892 894 900 909 922 939 959 997 1012 1024 1031 1039 1043 1069 1072 1079 1082 1084 1086 1088 1088 1090 1094 1098 1107 1111
2076 2042 2004 1898 1847 1798 1762 1738 1729 1722 1179 1182 1186 1190 1198 1202 1205 1208 1210 1210 1207 1199 1188 1160 1141 1130 1110 1069 1048 1025 1004 974 963 951 940 930 913 906 901 897 895 896 899 901 902 903 902 899 891 886 881 877 874 871 872 872 872 875 877 880 884 888 892 902 915 932 997 1012 1024 1031 1039 1043 1047 1049 1053 1054 1055 1055 1057 1061 1065 1071 1077 1090 1096
2077 2046 2014 1904 1845 1794 1762 1734 1723 1714 1184 1189 1192 1196 1202 1205 1207 1210 1212 1211 1207 1199 1188 1160 1141 1123 1105 1068 1047 1025 1004 972 959 947 936 918 910 904 899 894 890 890 891 891 890 890 889 887 880 875 871 868 865 863 864 866 866 867 868 871 875 888 892 902 915 951 968 983 996 1005 1016 1021 1025 1027 1031 1031 1031 1032 1038 1043 1049 1056 1071 1079 1087
2074 2053 2035 1932 1866 1813 1776 1735 1718 1705 1191 1197 1201 1205 1202 1205 1207 1210 1212 1211 1206 1197 1169 1152 1133 1115 1096 1063 1045 1024 1003 970 956 942 930 912 906 901 896 891 884 883 883 883 881 881 881 879 872 867 864 860 856 856 857 866 866 867 868 871 875 879 882 888 899 926 942 957 971 987 993 999 1004 1008 1014 1015 1016 1020 1031 1037 1044 1052 1067 1075 1084
2070 2056 2023 1972 1866 1813 1776 1735 1718 1705 1191 1197 1201 1205 1210 1212 1213 1215 1215 1212 1205 1194 1161 1143 1125 1107 1087 1058 1041 1021 1001 966 950 935 922 904 899 895 891 882 879 878 877 876 875 875 874 871 864 867 864 860 856 856 857 858 859 859 860 863 865 871 874 878 886 906 919 934 949 966 972 978 985 992 1001 1003 1007 1014 1028 1036 1045 1055 1070 1077 1086
2070 2056 2023 1972 1900 1829 1783 1728 1707 1694 1200 1205 1210 1214 1220 1221 1222 1222 1220 1214 1204 1189 1153 1134 1116 1098 1066 1054 1038 1018 996 958 940 925 913 896 891 888 885 877 875 873 871 876 875 875 874 871 864 861 857 854 850 850 850 851 850 851 852 854 855 862 866 869 874 889 899 912 928 947 952 959 968 986 991 995 1001 1008 1025 1035 1047 1059 1077 1084 1086
2067 2053 2032 2002 1933 1846 1746 1715 1695 1683 1210 1216 1221 1228 1231 1232 1232 1232 1225 1216 1201 1183 1144 1125 1106 1090 1064 1052 1035 1013 990 949 930 915 904 888 885 888 885 877 875 873 871 869 869 868 867 864 858 855 852 850 846 844 844 844 843 843 845 845 846 853 858 862 863 874 884 895 909 930 937 946 956 977 986 993 999 1007 1025 1035 1047 1059 1077 1084 1093
2062 2047 2025 2011 1965 1881 1741 1707 1688 1676 1222 1228 1233 1241 1243 1244 1243 1242 1231 1217 1199 1178 1136 1116 1098 1084 1063 1051 1032 1009 960 937 930 915 904 888 885 883 880 873 871 869 866 862 862 861 860 859 854 851 849 846 842 841 839 838 836 837 838 838 840 845 852 856 856 865 874 884 897 922 931 943 954 977 986 993 999 1016 1026 1037 1050 1062 1084 1092 1103
2054 2037 2014 2003 1980 1914 1742 1704 1684 1671 1236 1240 1246 1255 1256 1256 1255 1248 1237 1222 1201 1177 1130 1110 1094 1082 1063 1051 1032 1009 960 937 920 906 895 882 879 878 876 870 868 865 862 857 856 855 854 852 851 849 846 844 840 838 836 834 832 833 833 833 835 839 846 851 854 860 868 884 897 922 931 943 954 975 986 995 1002 1022 1032 1043 1055 1067 1091 1102 1114
2041 2026 2003 1990 1971 1921 1743 1698 1680 1668 1248 1253 1258 1267 1269 1268 1267 1256 1244 1227 1201 1177 1130 1110 1094 1082 1063 1049 1029 1006 949 925 909 897 882 877 874 873 872 867 866 863 859 854 852 851 850 848 847 846 844 842 837 835 833 831 830 831 832 831 833 839 846 851 854 860 868 877 890 920 931 944 956 979 991 1000 1009 1031 1042 1052 1064 1088 1100 1113 1126
2026 2014 1991 1973 1953 1900 1725 1689 1674 1666 1259 1263 1268 1275 1269 1268 1267 1256 1244 1227 1206 1153 1129 1108 1092 1081 1061 1045 1026 1003 941 918 902 890 877 873 870 869 868 866 864 861 857 852 850 848 846 844 843 842 840 837 835 833 832 831 830 831 832 831 833 836 840 847 853 858 866 875 904 919 932 945 959 986 998 1009 1019 1041 1052 1063 1076 1100 1112 1126 1141
2013 1991 1976 1954 1929 1900 1725 1689 1674 1666 1259 1263 1268 1275 1277 1276 1273 1262 1250 1234 1214 1161 1134 1112 1095 1083 1058 1041 1022 999 939 917 901 888 874 870 867 865 864 864 862 859 855 850 848 846 844 841 840 842 840 837 835 833 832 830 830 831 832 832 833 835 837 843 854 859 867 876 905 921 936 950 964 993 1006 1018 1029 1050 1062 1076 1090 1112 1126 1144 1161
