Samoens-GIS/dem/IGN/dem_Samoens.asc
ncols         302
nrows         189
xllcorner     324833.65168502
[rows 0 to 37 of 189, columns 170 to 254 of 302]
1967 1967 1967 1967 1987 1985 1983 1982 1981 1976 1971 1967 1964 1961 1958 1954 1951 1950 1951 1954 1957 1961 1969 1974 1979 1985 1996 2001 2006 2011 2021 2025 2029 2034 2044 2050 2055 2059 2064 2076 2080 2086 2093 2109 2118 2127 2131 2151 2159 2167 2177 2186 2209 2225 2242 2256 2285 2310 2336 2366 2408 2421 2436 2451 2475 2483 2491 2496 2497 2491 2489 2491 2497 2510 2518 2526 2536 2545 2547 2547 2540 2515 2502 2492 2486
1967 1967 1967 1967 1963 1961 1960 1959 1959 1959 1957 1956 1956 1952 1948 1944 1943 1946 1950 1954 1960 1965 1975 1981 1986 1993 2004 2010 2015 2019 2028 2034 2040 2045 2057 2062 2068 2073 2078 2090 2080 2086 2093 2109 2118 2127 2135 2154 2162 2172 2182 2207 2228 2252 2267 2274 2329 2376 2407 2429 2463 2474 2487 2502 2522 2527 2530 2531 2525 2517 2511 2508 2511 2520 2525 2529 2535 2539 2537 2533 2525 2501 2502 2492 2486
1948 1947 1946 1945 1939 1937 1936 1938 1940 1947 1948 1949 1950 1947 1944 1942 1941 1947 1953 1960 1967 1980 1987 1994 2000 2006 2016 2021 2026 2031 2039 2046 2054 2059 2057 2062 2068 2073 2084 2090 2094 2100 2106 2120 2129 2138 2146 2164 2174 2185 2196 2234 2264 2291 2304 2341 2394 2437 2458 2474 2506 2519 2532 2545 2557 2558 2557 2553 2544 2538 2530 2523 2522 2525 2526 2528 2535 2539 2537 2533 2525 2501 2489 2479 2471
1928 1927 1926 1923 1916 1915 1916 1920 1932 1939 1943 1943 1944 1945 1944 1944 1946 1955 1963 1971 1980 1996 2002 2008 2015 2025 2030 2035 2026 2031 2039 2046 2054 2059 2070 2076 2084 2092 2103 2109 2113 2116 2121 2138 2147 2156 2164 2182 2194 2206 2222 2275 2309 2339 2359 2414 2449 2472 2485 2499 2533 2549 2561 2571 2578 2576 2573 2568 2554 2546 2530 2523 2524 2525 2526 2528 2531 2532 2527 2519 2509 2487 2475 2464 2454
1910 1909 1907 1903 1897 1896 1899 1906 1925 1936 1941 1942 1943 1947 1949 1952 1956 1969 1977 1986 1995 2011 2002 2008 2015 2025 2030 2035 2040 2047 2057 2062 2068 2073 2085 2093 2103 2113 2119 2124 2130 2135 2154 2163 2172 2182 2193 2212 2226 2242 2262 2321 2353 2383 2411 2462 2478 2492 2505 2533 2548 2562 2573 2579 2578 2576 2573 2568 2554 2546 2537 2530 2525 2524 2525 2525 2524 2522 2514 2501 2490 2472 2459 2446 2436
1896 1894 1891 1889 1885 1886 1891 1900 1924 1934 1941 1943 1949 1953 1958 1964 1956 1969 1977 1986 1995 2011 2015 2020 2028 2038 2043 2046 2052 2067 2070 2074 2081 2088 2106 2115 2122 2127 2136 2145 2157 2169 2194 2202 2210 2220 2232 2256 2272 2291 2310 2366 2395 2419 2445 2477 2488 2500 2505 2533 2548 2562 2573 2579 2585 2583 2579 2572 2554 2545 2536 2529 2521 2518 2516 2515 2511 2507 2495 2477 2467 2452 2438 2425 2415
1886 1884 1883 1882 1883 1887 1893 1903 1928 1937 1941 1943 1949 1953 1958 1964 1971 1985 1993 2001 2009 2022 2026 2032 2041 2052 2056 2059 2064 2078 2083 2089 2100 2114 2133 2138 2140 2145 2169 2186 2203 2219 2243 2251 2261 2274 2295 2306 2322 2341 2356 2408 2395 2419 2445 2477 2488 2500 2512 2536 2549 2560 2569 2575 2577 2576 2571 2562 2546 2538 2531 2524 2512 2507 2503 2499 2488 2480 2464 2449 2440 2428 2415 2404 2394
1879 1880 1881 1882 1883 1887 1893 1903 1928 1937 1943 1948 1957 1964 1972 1980 1995 2002 2009 2015 2020 2034 2041 2048 2057 2070 2074 2079 2084 2104 2114 2124 2137 2160 2162 2164 2169 2181 2219 2235 2249 2263 2288 2298 2311 2328 2295 2306 2322 2341 2377 2408 2431 2447 2462 2482 2490 2498 2507 2526 2537 2546 2553 2558 2558 2558 2553 2545 2533 2527 2521 2513 2501 2495 2490 2479 2455 2445 2432 2423 2415 2406 2393 2382 2372
1879 1880 1881 1885 1889 1894 1902 1912 1936 1944 1951 1957 1970 1978 1987 1994 2010 2017 2023 2028 2033 2050 2060 2069 2077 2093 2100 2106 2116 2142 2157 2170 2184 2200 2197 2199 2211 2224 2262 2276 2249 2263 2288 2298 2311 2328 2344 2350 2362 2378 2410 2430 2445 2456 2466 2481 2486 2489 2493 2507 2515 2523 2529 2533 2534 2534 2532 2523 2519 2512 2505 2498 2488 2481 2471 2457 2431 2422 2411 2402 2390 2382 2393 2382 2362
1878 1881 1884 1893 1899 1906 1914 1925 1945 1953 1961 1969 1983 1991 1999 2006 2021 2029 2037 2044 2062 2073 2085 2094 2103 2122 2132 2143 2156 2179 2191 2207 2227 2241 2197 2199 2211 2242 2262 2276 2285 2297 2324 2339 2349 2360 2374 2381 2387 2397 2420 2430 2440 2450 2464 2469 2471 2472 2472 2481 2488 2494 2500 2506 2509 2510 2511 2506 2501 2494 2487 2480 2466 2457 2447 2436 2431 2422 2411 2402 2390 2382 2372 2361 2342
1881 1887 1892 1904 1911 1919 1928 1948 1957 1964 1972 1980 1994 2001 2009 2017 2033 2043 2054 2066 2090 2104 2116 2126 2149 2162 2176 2188 2156 2179 2191 2207 2227 2241 2237 2240 2251 2276 2293 2306 2316 2328 2350 2365 2372 2373 2384 2391 2395 2399 2412 2418 2425 2434 2443 2445 2446 2447 2448 2456 2462 2468 2474 2483 2487 2490 2493 2489 2484 2477 2487 2474 2466 2457 2447 2436 2415 2406 2396 2386 2369 2360 2351 2341 2321
1889 1896 1902 1915 1923 1931 1941 1959 1966 1974 1980 1988 2004 2012 2020 2028 2048 2061 2075 2090 2120 2134 2116 2126 2149 2162 2176 2188 2200 2217 2227 2241 2256 2269 2271 2278 2287 2311 2323 2332 2342 2356 2362 2372 2377 2375 2380 2386 2389 2391 2395 2398 2402 2408 2415 2417 2419 2422 2431 2436 2442 2449 2456 2467 2487 2490 2493 2489 2484 2477 2470 2453 2444 2435 2426 2409 2400 2391 2381 2371 2351 2341 2331 2323 2302
1900 1906 1912 1925 1933 1942 1950 1966 1973 1980 1987 2004 2013 2021 2031 2041 2048 2061 2075 2090 2120 2134 2147 2161 2195 2210 2223 2234 2251 2257 2264 2273 2282 2295 2304 2314 2325 2345 2352 2354 2359 2365 2366 2370 2371 2369 2372 2374 2376 2377 2375 2376 2378 2381 2389 2394 2399 2405 2431 2436 2442 2449 2456 2467 2472 2476 2479 2475 2470 2463 2456 2438 2428 2420 2412 2396 2387 2378 2368 2357 2334 2323 2314 2306 2288
1910 1915 1921 1933 1941 1949 1956 1972 1980 1987 1987 2004 2013 2021 2031 2041 2066 2080 2095 2111 2143 2157 2171 2190 2234 2251 2264 2274 2289 2294 2299 2306 2315 2328 2335 2344 2351 2362 2363 2361 2361 2361 2361 2361 2359 2357 2358 2358 2359 2359 2358 2359 2378 2381 2389 2394 2399 2405 2417 2424 2431 2438 2453 2458 2463 2468 2472 2467 2461 2455 2447 2427 2417 2409 2400 2385 2377 2368 2358 2334 2322 2312 2303 2296 2277
1919 1923 1929 1940 1941 1949 1956 1972 1980 1987 1995 2012 2021 2030 2042 2067 2083 2098 2113 2129 2161 2178 2197 2218 2265 2285 2300 2310 2322 2326 2330 2335 2345 2348 2352 2355 2357 2360 2357 2354 2352 2348 2346 2344 2343 2342 2358 2358 2359 2358 2358 2359 2362 2365 2375 2382 2389 2396 2411 2419 2427 2435 2450 2456 2461 2466 2469 2465 2459 2451 2442 2421 2411 2402 2393 2376 2368 2360 2350 2327 2316 2307 2300 2293 2270
1919 1923 1934 1940 1947 1955 1962 1979 1987 1996 2006 2023 2032 2044 2057 2085 2098 2116 2136 2170 2189 2212 2238 2260 2301 2319 2330 2336 2343 2346 2348 2350 2352 2351 2350 2349 2347 2345 2341 2336 2352 2348 2346 2344 2343 2342 2342 2343 2343 2346 2348 2350 2354 2359 2371 2379 2387 2395 2412 2421 2429 2437 2452 2458 2463 2467 2470 2466 2459 2451 2442 2420 2410 2400 2390 2372 2363 2354 2345 2323 2313 2306 2300 2282 2270
1925 1929 1941 1947 1954 1963 1970 1989 1998 2008 2019 2039 2051 2065 2078 2101 2111 2135 2164 2208 2231 2258 2285 2285 2324 2332 2338 2340 2344 2345 2346 2348 2344 2339 2350 2349 2347 2345 2341 2336 2333 2331 2329 2327 2326 2328 2329 2331 2333 2339 2342 2346 2351 2365 2372 2381 2390 2399 2418 2427 2436 2444 2459 2464 2468 2470 2471 2467 2461 2454 2434 2423 2413 2401 2391 2373 2364 2354 2345 2323 2313 2306 2300 2279 2267
1931 1936 1949 1956 1964 1973 1992 2003 2015 2027 2038 2062 2076 2091 2101 2115 2132 2165 2193 2243 2266 2286 2287 2312 2314 2317 2318 2318 2320 2345 2346 2348 2344 2339 2334 2331 2326 2323 2318 2315 2314 2313 2312 2312 2312 2316 2319 2322 2326 2335 2340 2347 2354 2370 2379 2387 2397 2408 2428 2437 2446 2453 2465 2470 2472 2473 2473 2469 2464 2457 2439 2423 2413 2401 2391 2373 2364 2356 2345 2322 2314 2309 2302 2278 2265
1940 1946 1960 1969 1980 1990 2012 2025 2037 2049 2060 2085 2105 2125 2133 2145 2170 2202 2223 2258 2272 2280 2285 2312 2314 2317 2318 2318 2320 2321 2323 2324 2320 2315 2311 2307 2304 2301 2298 2296 2297 2297 2297 2299 2301 2308 2312 2317 2323 2336 2343 2352 2361 2380 2389 2398 2409 2430 2440 2449 2456 2463 2472 2475 2476 2473 2473 2469 2464 2457 2439 2429 2418 2407 2394 2386 2378 2370 2354 2319 2315 2310 2303 2278 2266
1955 1962 1978 1989 2001 2013 2037 2050 2060 2073 2102 2117 2140 2161 2172 2186 2201 2202 2223 2258 2272 2280 2285 2281 2283 2285 2284 2284 2284 2286 2290 2291 2289 2288 2286 2284 2282 2282 2280 2280 2283 2284 2286 2289 2298 2304 2310 2317 2325 2341 2351 2361 2371 2391 2401 2411 2421 2441 2450 2449 2456 2463 2472 2475 2476 2476 2474 2470 2466 2460 2445 2436 2427 2421 2415 2409 2400 2391 2368 2317 2313 2308 2302 2279 2267
1975 1983 2001 2014 2027 2040 2063 2072 2081 2098 2141 2117 2140 2161 2177 2186 2201 2217 2229 2240 2244 2247 2249 2248 2250 2251 2252 2256 2255 2258 2261 2263 2264 2264 2264 2263 2263 2264 2265 2267 2272 2275 2279 2284 2297 2305 2313 2322 2332 2351 2361 2372 2382 2391 2401 2411 2421 2441 2450 2459 2466 2475 2477 2478 2478 2478 2473 2470 2466 2461 2449 2442 2437 2435 2433 2427 2417 2404 2340 2320 2313 2306 2300 2280 2268
1998 2006 2027 2040 2053 2040 2063 2072 2081 2098 2141 2155 2167 2178 2191 2195 2198 2203 2208 2204 2205 2209 2213 2222 2224 2226 2229 2234 2235 2237 2239 2241 2241 2242 2242 2242 2247 2250 2253 2256 2265 2270 2276 2283 2301 2311 2321 2322 2342 2351 2361 2372 2382 2403 2413 2423 2432 2450 2459 2467 2473 2480 2481 2481 2480 2478 2472 2469 2465 2461 2453 2448 2445 2445 2443 2435 2424 2405 2344 2324 2313 2304 2298 2279 2266
1998 2016 2027 2040 2053 2067 2090 2096 2104 2121 2158 2166 2168 2170 2176 2177 2179 2182 2184 2182 2183 2188 2193 2201 2204 2207 2211 2215 2215 2217 2218 2220 2221 2222 2223 2226 2235 2239 2243 2247 2260 2270 2276 2283 2301 2311 2321 2332 2353 2363 2373 2383 2393 2412 2421 2431 2440 2457 2465 2472 2477 2482 2482 2481 2479 2475 2471 2468 2464 2462 2455 2451 2449 2450 2447 2438 2427 2405 2345 2325 2312 2304 2288 2279 2266
2026 2044 2057 2069 2081 2094 2112 2120 2126 2133 2149 2152 2154 2155 2159 2160 2162 2165 2169 2171 2174 2176 2179 2184 2187 2190 2193 2196 2197 2198 2200 2203 2204 2207 2210 2230 2235 2239 2243 2247 2260 2267 2277 2287 2309 2322 2333 2344 2364 2373 2382 2391 2408 2417 2426 2434 2442 2459 2466 2473 2477 2480 2480 2478 2476 2472 2469 2466 2464 2459 2457 2454 2452 2451 2446 2437 2424 2405 2345 2325 2312 2304 2288 2276 2263
2054 2075 2088 2097 2105 2115 2119 2124 2128 2130 2136 2138 2139 2141 2145 2147 2149 2152 2158 2160 2163 2165 2169 2171 2173 2175 2177 2181 2183 2198 2200 2203 2204 2207 2210 2220 2225 2229 2235 2250 2259 2269 2281 2294 2321 2335 2347 2355 2372 2381 2389 2397 2411 2419 2426 2434 2441 2456 2463 2468 2472 2474 2473 2472 2470 2468 2464 2462 2460 2456 2455 2454 2452 2451 2446 2437 2424 2403 2351 2328 2314 2305 2284 2270 2256
2082 2101 2108 2111 2112 2113 2115 2117 2119 2122 2124 2125 2127 2129 2134 2137 2140 2143 2149 2152 2154 2156 2159 2171 2173 2175 2177 2181 2183 2185 2187 2191 2194 2198 2203 2215 2219 2224 2231 2252 2264 2277 2291 2306 2335 2346 2356 2363 2378 2385 2392 2398 2411 2417 2424 2430 2443 2449 2454 2459 2462 2464 2463 2461 2460 2468 2464 2462 2460 2456 2455 2452 2448 2440 2433 2423 2409 2391 2355 2335 2319 2306 2277 2261 2246
2112 2111 2110 2110 2108 2106 2106 2107 2108 2111 2112 2114 2117 2120 2126 2129 2133 2143 2149 2152 2154 2156 2159 2160 2162 2164 2169 2171 2174 2176 2179 2186 2190 2195 2202 2214 2219 2225 2233 2257 2272 2287 2304 2332 2342 2351 2358 2365 2379 2385 2390 2396 2407 2412 2418 2424 2434 2439 2442 2459 2462 2464 2463 2461 2460 2457 2454 2451 2450 2446 2445 2441 2435 2420 2411 2400 2386 2372 2348 2332 2315 2299 2265 2249 2233
2122 2108 2103 2101 2099 2096 2096 2097 2098 2101 2103 2114 2117 2123 2126 2129 2133 2136 2142 2144 2146 2148 2151 2153 2155 2157 2163 2166 2169 2173 2177 2186 2191 2197 2204 2217 2223 2230 2239 2263 2278 2295 2310 2335 2343 2350 2357 2363 2375 2380 2385 2390 2400 2412 2418 2424 2434 2439 2442 2446 2449 2448 2447 2445 2443 2439 2436 2433 2431 2429 2427 2422 2415 2399 2390 2380 2368 2343 2332 2318 2302 2286 2252 2236 2221
2107 2096 2092 2089 2087 2096 2096 2097 2098 2101 2103 2105 2108 2116 2119 2123 2126 2129 2134 2136 2138 2140 2146 2148 2151 2154 2161 2165 2170 2174 2184 2189 2195 2202 2208 2220 2226 2234 2243 2267 2281 2296 2309 2330 2337 2344 2351 2369 2375 2380 2385 2390 2400 2404 2409 2414 2422 2426 2428 2430 2430 2429 2426 2424 2419 2416 2411 2408 2407 2404 2402 2399 2393 2379 2371 2361 2351 2326 2314 2301 2287 2272 2240 2225 2213
2101 2096 2092 2089 2087 2085 2086 2087 2089 2093 2095 2097 2101 2107 2110 2114 2116 2121 2124 2127 2130 2133 2141 2145 2149 2153 2162 2167 2172 2177 2188 2194 2200 2206 2218 2223 2230 2237 2246 2267 2279 2296 2309 2330 2337 2344 2351 2362 2367 2372 2377 2381 2391 2395 2399 2403 2409 2411 2412 2412 2410 2407 2404 2400 2393 2389 2384 2381 2381 2379 2377 2375 2370 2358 2350 2341 2332 2310 2298 2286 2273 2245 2232 2225 2213
2080 2079 2076 2073 2073 2073 2074 2077 2079 2083 2085 2087 2090 2095 2098 2101 2104 2109 2112 2116 2121 2126 2137 2142 2147 2152 2163 2168 2174 2180 2192 2198 2203 2209 2220 2223 2230 2237 2246 2267 2279 2292 2303 2321 2328 2335 2341 2351 2356 2361 2366 2375 2379 2384 2388 2391 2395 2395 2394 2393 2388 2384 2380 2375 2368 2365 2362 2360 2358 2357 2355 2352 2348 2337 2330 2322 2313 2310 2298 2286 2273 2245 2232 2220 2209
2062 2061 2059 2058 2060 2061 2063 2065 2067 2070 2072 2074 2076 2081 2083 2086 2090 2097 2101 2106 2112 2125 2132 2138 2145 2151 2163 2169 2175 2180 2192 2198 2203 2209 2220 2225 2231 2238 2254 2263 2274 2284 2294 2310 2316 2322 2328 2338 2343 2348 2352 2360 2364 2368 2372 2374 2375 2374 2373 2371 2364 2358 2354 2351 2347 2345 2345 2344 2338 2336 2334 2352 2348 2337 2330 2322 2313 2294 2284 2273 2261 2238 2228 2218 2209
2047 2045 2044 2044 2048 2049 2050 2052 2054 2055 2056 2058 2060 2065 2068 2071 2076 2085 2091 2097 2104 2119 2127 2138 2145 2151 2163 2169 2175 2181 2193 2199 2205 2210 2219 2224 2229 2235 2250 2258 2266 2274 2283 2297 2303 2308 2313 2323 2327 2331 2334 2341 2344 2347 2349 2350 2349 2349 2348 2346 2338 2332 2329 2328 2327 2345 2345 2344 2338 2336 2334 2330 2322 2316 2311 2304 2298 2281 2272 2263 2253 2235 2227 2219 2212
2033 2032 2031 2033 2035 2036 2037 2038 2039 2040 2041 2042 2044 2050 2054 2058 2063 2085 2091 2097 2104 2119 2127 2134 2141 2155 2161 2168 2175 2181 2193 2198 2204 2208 2216 2221 2226 2231 2244 2251 2258 2265 2278 2284 2289 2294 2298 2306 2309 2312 2314 2318 2320 2321 2321 2322 2322 2322 2322 2343 2338 2332 2329 2328 2327 2326 2326 2325 2316 2312 2309 2307 2302 2298 2294 2289 2284 2271 2264 2256 2249 2236 2229 2223 2217
2020 2020 2021 2022 2023 2024 2024 2024 2025 2026 2027 2042 2047 2050 2054 2058 2063 2075 2081 2088 2096 2113 2122 2130 2137 2152 2159 2166 2172 2184 2190 2196 2201 2205 2211 2216 2220 2226 2237 2243 2250 2256 2267 2272 2276 2280 2283 2289 2292 2294 2295 2296 2296 2296 2321 2322 2322 2322 2322 2316 2312 2309 2306 2306 2306 2305 2305 2303 2296 2292 2290 2288 2286 2284 2281 2278 2270 2265 2260 2255 2250 2240 2234 2229 2224
2009 2009 2010 2010 2011 2011 2024 2024 2025 2026 2027 2029 2035 2039 2043 2048 2054 2066 2073 2081 2089 2107 2116 2125 2133 2149 2155 2162 2168 2180 2185 2191 2196 2199 2205 2210 2214 2219 2231 2236 2241 2246 2257 2262 2266 2269 2273 2275 2292 2294 2295 2296 2296 2296 2295 2295 2296 2298 2298 2290 2286 2284 2284 2286 2287 2287 2286 2285 2282 2279 2277 2277 2278 2277 2275 2274 2269 2266 2263 2260 2256 2247 2242 2238 2233
2009 2009 2010 2010 2011 2011 2011 2012 2014 2015 2017 2020 2028 2032 2037 2042 2054 2061 2068 2076 2084 2102 2111 2120 2129 2144 2151 2157 2163 2174 2179 2185 2189 2195 2199 2203 2208 2214 2224 2229 2233 2239 2257 2262 2266 2269 2273 2275 2278 2280 2280 2278 2277 2275 2273 2272 2274 2274 2274 2268 2265 2265 2266 2269 2271 2272 2273 2274 2274 2273 2272 2273 2277 2278 2278 2278 2275 2273 2271 2268 2261 2257 2253 2248 2233
1995 1995 1995 1995 1995 1996 1997 2000 2005 2007 2010 2014 2023 2028 2033 2038 2051 2058 2065 2073 2081 2098 2107 2116 2125 2140 2146 2152 2157 2167 2172 2178 2182 2189 2194 2198 2208 2214 2224 2229 2233 2239 2249 2253 2257 2260 2263 2265 2266 2267 2266 2265 2262 2260 2258 2256 2256 2256 2256 2253 2252 2253 2255 2259 2262 2264 2266 2271 2273 2274 2275 2277 2285 2287 2288 2288 2287 2286 2271 2268 2261 2257 2253 2248 2242
