Samoens-GIS/dem/IGN/dem_Samoens.asc
ncols         302
nrows         189
xllcorner     324833.65168502
[rows 38 to 75 of 189, columns 170 to 254 of 302]
1977 1975 1974 1974 1976 1978 1982 1987 1998 2001 2006 2010 2020 2026 2031 2038 2051 2058 2064 2071 2086 2094 2103 2111 2120 2135 2141 2146 2151 2161 2172 2178 2182 2189 2194 2198 2204 2214 2219 2223 2228 2233 2242 2246 2249 2252 2255 2256 2256 2257 2256 2255 2252 2249 2247 2246 2246 2245 2245 2245 2246 2248 2250 2256 2260 2263 2267 2274 2278 2281 2283 2286 2285 2287 2288 2288 2287 2286 2284 2281 2274 2270 2265 2259 2248
1955 1953 1953 1955 1959 1963 1969 1985 1992 1997 2002 2008 2019 2025 2032 2038 2052 2059 2065 2071 2083 2090 2098 2106 2120 2135 2141 2146 2151 2161 2166 2172 2176 2186 2191 2195 2200 2211 2215 2219 2223 2228 2236 2239 2242 2245 2249 2250 2250 2251 2250 2248 2246 2245 2242 2242 2241 2241 2241 2242 2245 2247 2251 2259 2264 2269 2267 2274 2278 2281 2283 2292 2298 2302 2303 2304 2303 2301 2299 2296 2289 2285 2280 2273 2261
1934 1934 1936 1942 1947 1953 1961 1980 1987 1994 2000 2006 2019 2026 2033 2040 2053 2059 2065 2071 2083 2090 2098 2106 2122 2129 2135 2141 2146 2157 2163 2169 2174 2183 2189 2194 2199 2208 2212 2215 2219 2227 2231 2235 2238 2241 2245 2246 2248 2248 2248 2247 2246 2246 2244 2243 2243 2243 2243 2246 2245 2247 2251 2259 2264 2269 2273 2282 2287 2292 2297 2308 2315 2319 2321 2322 2321 2319 2316 2313 2305 2301 2295 2288 2277
1918 1921 1924 1934 1940 1948 1957 1976 1983 1991 1998 2013 2019 2026 2033 2040 2053 2059 2065 2070 2080 2086 2093 2100 2115 2123 2129 2136 2148 2155 2162 2168 2173 2182 2188 2193 2198 2207 2210 2213 2216 2224 2228 2232 2236 2240 2244 2246 2248 2250 2252 2252 2252 2252 2244 2243 2243 2243 2243 2246 2249 2253 2257 2268 2274 2280 2284 2295 2301 2307 2314 2326 2333 2337 2339 2339 2337 2335 2332 2328 2319 2315 2310 2304 2294
1909 1914 1919 1932 1939 1947 1957 1976 1983 1991 1998 2013 2020 2027 2033 2040 2052 2058 2063 2067 2076 2081 2087 2093 2108 2116 2124 2132 2147 2154 2162 2170 2174 2182 2187 2193 2198 2205 2209 2211 2215 2223 2227 2231 2237 2244 2247 2250 2248 2250 2252 2252 2252 2252 2251 2251 2251 2251 2252 2255 2259 2263 2274 2280 2287 2293 2299 2310 2317 2323 2330 2343 2349 2352 2353 2353 2351 2348 2344 2340 2331 2327 2323 2319 2310
1909 1914 1919 1932 1939 1947 1955 1972 1980 1989 1997 2012 2019 2026 2032 2044 2050 2054 2059 2063 2070 2075 2080 2086 2101 2109 2118 2127 2145 2153 2162 2170 2179 2183 2187 2192 2197 2204 2208 2210 2214 2222 2227 2231 2237 2244 2247 2250 2254 2256 2260 2262 2263 2264 2264 2264 2264 2265 2266 2269 2272 2277 2288 2294 2301 2308 2314 2325 2331 2337 2342 2355 2359 2362 2363 2362 2360 2357 2353 2344 2339 2335 2332 2329 2310
1907 1913 1926 1933 1940 1947 1954 1969 1977 1986 1994 2010 2017 2023 2029 2040 2045 2049 2053 2057 2063 2067 2072 2077 2093 2102 2112 2122 2142 2151 2160 2168 2179 2183 2186 2191 2197 2204 2208 2210 2214 2222 2227 2233 2239 2249 2253 2258 2262 2268 2272 2275 2277 2278 2279 2279 2280 2281 2283 2285 2288 2292 2302 2308 2314 2320 2331 2336 2341 2346 2351 2361 2365 2367 2368 2367 2365 2361 2353 2344 2339 2335 2332 2326 2322
1906 1913 1926 1933 1939 1946 1952 1967 1975 1983 1991 2006 2012 2018 2024 2034 2039 2043 2046 2052 2056 2059 2064 2069 2085 2095 2105 2116 2138 2148 2160 2168 2179 2183 2186 2191 2199 2203 2206 2210 2213 2223 2229 2236 2243 2255 2261 2267 2272 2280 2285 2289 2292 2294 2295 2295 2296 2297 2300 2301 2303 2307 2315 2320 2325 2330 2337 2342 2346 2350 2355 2362 2365 2367 2368 2367 2365 2361 2357 2349 2345 2341 2339 2332 2330
1907 1914 1926 1932 1938 1944 1958 1965 1972 1979 1987 2000 2006 2012 2017 2027 2031 2035 2038 2044 2048 2051 2056 2069 2085 2095 2105 2116 2138 2148 2156 2164 2177 2181 2184 2188 2197 2202 2206 2210 2214 2226 2233 2240 2248 2262 2270 2277 2283 2293 2298 2303 2305 2307 2308 2309 2310 2311 2314 2315 2316 2319 2325 2329 2333 2336 2337 2342 2346 2350 2358 2362 2367 2369 2369 2368 2366 2363 2360 2352 2349 2346 2343 2338 2337
1908 1915 1927 1932 1938 1944 1956 1962 1969 1975 1982 1994 2000 2005 2010 2019 2023 2026 2038 2044 2048 2051 2056 2069 2078 2089 2099 2111 2133 2143 2151 2159 2173 2179 2183 2186 2195 2201 2206 2212 2223 2230 2237 2245 2253 2270 2279 2287 2295 2307 2312 2315 2317 2318 2318 2319 2319 2321 2322 2324 2316 2319 2325 2329 2333 2336 2341 2344 2348 2352 2359 2363 2366 2368 2369 2368 2366 2364 2361 2356 2353 2351 2348 2345 2345
1909 1915 1926 1932 1937 1942 1953 1959 1965 1971 1983 1988 2000 2005 2010 2019 2023 2026 2030 2037 2040 2045 2050 2065 2074 2084 2095 2118 2129 2138 2147 2155 2170 2177 2182 2186 2195 2201 2208 2214 2227 2235 2243 2251 2261 2280 2290 2299 2306 2318 2322 2325 2326 2326 2318 2319 2319 2321 2322 2324 2326 2328 2333 2335 2337 2339 2344 2347 2351 2354 2360 2363 2366 2368 2369 2369 2368 2367 2365 2361 2360 2358 2356 2356 2357
1909 1914 1924 1929 1933 1938 1953 1959 1965 1971 1983 1988 1993 1998 2003 2011 2015 2018 2022 2030 2035 2040 2046 2062 2071 2080 2091 2114 2125 2135 2144 2152 2169 2177 2183 2188 2198 2204 2211 2218 2233 2242 2251 2261 2282 2291 2301 2310 2306 2318 2322 2325 2326 2326 2325 2325 2325 2326 2327 2329 2331 2335 2337 2339 2341 2343 2348 2351 2354 2357 2363 2365 2367 2370 2371 2372 2372 2372 2371 2370 2369 2368 2367 2370 2372
1909 1914 1924 1929 1933 1938 1950 1956 1962 1967 1978 1983 1988 1992 2000 2004 2008 2011 2015 2025 2031 2037 2044 2060 2068 2078 2088 2111 2123 2133 2143 2163 2171 2179 2185 2192 2203 2210 2218 2226 2242 2251 2251 2261 2282 2291 2301 2310 2321 2326 2329 2331 2332 2330 2329 2328 2328 2328 2329 2331 2333 2337 2339 2342 2344 2347 2353 2356 2359 2362 2367 2369 2372 2375 2377 2378 2379 2380 2381 2382 2382 2381 2382 2387 2390
1906 1915 1920 1924 1928 1933 1945 1951 1958 1964 1974 1979 1983 1987 1994 1997 2001 2005 2015 2021 2028 2035 2043 2058 2067 2076 2087 2111 2123 2134 2145 2167 2175 2182 2189 2197 2203 2210 2218 2226 2242 2251 2262 2272 2292 2302 2310 2317 2327 2330 2332 2333 2334 2331 2330 2330 2330 2328 2330 2332 2334 2340 2343 2346 2349 2355 2359 2362 2365 2368 2374 2376 2379 2382 2386 2388 2389 2391 2394 2382 2382 2381 2385 2387 2390
1901 1910 1914 1918 1923 1928 1940 1947 1953 1959 1969 1973 1977 1981 1988 1992 1996 2000 2012 2019 2026 2034 2042 2059 2067 2076 2086 2111 2123 2136 2145 2167 2175 2182 2189 2204 2211 2218 2226 2235 2252 2263 2273 2283 2301 2308 2315 2321 2328 2330 2332 2332 2331 2330 2330 2330 2329 2329 2331 2333 2336 2343 2347 2350 2354 2361 2365 2369 2373 2376 2382 2385 2388 2382 2386 2388 2389 2391 2394 2396 2397 2398 2403 2406 2409
1895 1903 1907 1912 1917 1929 1935 1942 1948 1953 1963 1967 1971 1975 1983 1987 1991 1997 2010 2017 2026 2034 2052 2060 2067 2076 2086 2111 2123 2136 2148 2171 2179 2187 2194 2211 2219 2227 2236 2245 2262 2273 2282 2290 2305 2311 2316 2320 2326 2328 2330 2330 2330 2331 2331 2330 2329 2331 2334 2337 2340 2347 2351 2355 2360 2368 2372 2369 2373 2379 2382 2385 2388 2392 2397 2399 2402 2404 2409 2411 2414 2415 2421 2424 2427
1889 1898 1902 1907 1912 1923 1930 1936 1942 1947 1956 1961 1965 1970 1979 1984 1989 1995 2009 2017 2026 2034 2052 2060 2069 2078 2088 2113 2125 2138 2152 2175 2183 2191 2199 2217 2227 2237 2246 2262 2270 2279 2287 2294 2305 2310 2314 2317 2323 2326 2327 2328 2330 2331 2331 2330 2333 2335 2338 2341 2345 2347 2351 2355 2360 2368 2372 2377 2381 2388 2391 2394 2398 2402 2408 2411 2414 2416 2423 2426 2430 2433 2439 2442 2445
1882 1892 1897 1902 1907 1918 1924 1930 1935 1946 1951 1956 1961 1970 1979 1984 1989 1995 2009 2017 2026 2036 2055 2064 2073 2082 2105 2117 2129 2142 2155 2179 2188 2196 2205 2224 2234 2244 2253 2269 2276 2282 2288 2299 2303 2308 2311 2315 2321 2323 2326 2328 2330 2331 2332 2330 2333 2335 2338 2341 2345 2353 2357 2361 2366 2375 2379 2384 2388 2396 2399 2403 2407 2415 2418 2421 2424 2427 2434 2439 2443 2448 2456 2459 2463
1875 1886 1891 1896 1901 1912 1918 1930 1935 1946 1951 1956 1961 1972 1977 1983 1989 1995 2010 2019 2029 2039 2060 2070 2080 2089 2112 2123 2134 2146 2158 2182 2192 2201 2210 2230 2240 2250 2258 2273 2279 2283 2288 2297 2301 2305 2309 2313 2319 2323 2326 2328 2330 2331 2332 2332 2336 2339 2343 2346 2354 2358 2362 2367 2372 2381 2386 2390 2394 2403 2407 2411 2416 2423 2426 2429 2432 2440 2444 2449 2454 2460 2470 2475 2478
1868 1886 1891 1896 1901 1912 1918 1924 1930 1941 1947 1953 1959 1972 1978 1985 1991 1998 2014 2024 2034 2045 2067 2078 2089 2098 2120 2130 2140 2151 2174 2185 2196 2206 2215 2235 2245 2254 2262 2276 2281 2285 2289 2297 2301 2305 2309 2316 2319 2323 2326 2328 2330 2332 2333 2335 2340 2343 2347 2351 2359 2363 2367 2372 2376 2386 2390 2395 2400 2409 2413 2417 2423 2429 2432 2435 2438 2447 2452 2458 2464 2470 2482 2488 2491
1874 1879 1884 1889 1894 1906 1912 1919 1926 1939 1945 1952 1959 1973 1980 1988 1995 2012 2020 2030 2041 2053 2076 2088 2099 2108 2128 2137 2146 2156 2178 2189 2200 2211 2220 2240 2249 2254 2262 2276 2281 2285 2289 2296 2300 2304 2308 2316 2320 2323 2325 2327 2330 2333 2335 2336 2342 2346 2350 2354 2363 2367 2371 2376 2385 2390 2394 2399 2404 2413 2418 2423 2428 2434 2437 2440 2444 2453 2460 2458 2464 2476 2482 2488 2491
1866 1871 1877 1882 1888 1901 1909 1916 1924 1939 1946 1953 1960 1976 1984 1992 2000 2019 2028 2039 2050 2062 2086 2098 2108 2118 2136 2144 2153 2162 2184 2189 2200 2211 2230 2240 2249 2257 2265 2278 2284 2288 2292 2299 2302 2306 2310 2317 2321 2323 2325 2328 2330 2333 2335 2337 2343 2347 2351 2356 2365 2369 2374 2379 2389 2393 2398 2403 2407 2417 2422 2427 2432 2434 2437 2440 2444 2453 2460 2467 2473 2485 2492 2498 2501
1859 1865 1870 1876 1891 1899 1907 1916 1924 1940 1948 1955 1963 1979 1988 1997 2007 2027 2037 2049 2060 2084 2095 2107 2117 2118 2136 2144 2153 2162 2184 2194 2204 2214 2235 2244 2252 2260 2267 2281 2286 2291 2295 2302 2305 2309 2312 2319 2321 2323 2324 2328 2330 2332 2335 2337 2343 2347 2352 2357 2367 2372 2377 2382 2392 2396 2401 2403 2412 2417 2422 2427 2432 2438 2441 2445 2448 2459 2467 2474 2480 2494 2501 2507 2512
1854 1860 1867 1874 1890 1900 1909 1919 1937 1945 1952 1960 1968 1985 1994 2004 2014 2036 2047 2049 2060 2084 2095 2107 2117 2126 2144 2152 2161 2170 2190 2200 2209 2218 2238 2247 2255 2262 2277 2283 2289 2294 2298 2305 2308 2311 2315 2321 2322 2324 2325 2329 2331 2333 2335 2340 2343 2348 2353 2358 2369 2372 2377 2382 2392 2396 2401 2406 2416 2420 2426 2431 2439 2442 2445 2449 2453 2465 2473 2480 2487 2503 2511 2519 2525
1851 1858 1866 1874 1893 1904 1915 1925 1943 1951 1958 1966 1974 1985 1994 2004 2014 2036 2047 2059 2070 2093 2104 2114 2124 2143 2151 2159 2168 2177 2195 2204 2212 2221 2241 2250 2257 2264 2279 2286 2292 2296 2304 2308 2311 2314 2317 2322 2324 2326 2328 2332 2333 2335 2337 2340 2343 2348 2353 2358 2369 2374 2379 2385 2395 2400 2405 2409 2419 2424 2430 2435 2442 2446 2450 2454 2459 2472 2479 2486 2494 2512 2522 2532 2541
1852 1859 1867 1876 1898 1911 1923 1925 1943 1951 1958 1966 1983 1992 2002 2012 2022 2045 2056 2068 2079 2101 2111 2121 2130 2149 2157 2164 2172 2181 2199 2207 2215 2224 2244 2253 2260 2267 2282 2288 2294 2298 2306 2310 2313 2316 2319 2324 2327 2326 2328 2332 2333 2335 2337 2342 2345 2350 2355 2366 2372 2377 2382 2388 2398 2403 2408 2413 2424 2429 2435 2440 2447 2451 2455 2460 2472 2479 2486 2494 2502 2522 2533 2544 2555
1854 1859 1867 1876 1898 1911 1923 1934 1952 1959 1966 1973 1990 2000 2010 2020 2030 2052 2064 2075 2086 2106 2116 2125 2135 2153 2161 2169 2177 2193 2202 2210 2218 2227 2246 2255 2262 2269 2284 2291 2296 2301 2308 2310 2313 2316 2322 2324 2327 2329 2332 2337 2338 2340 2342 2346 2349 2354 2359 2370 2375 2381 2386 2392 2402 2408 2413 2419 2431 2437 2444 2449 2455 2459 2464 2469 2480 2488 2495 2503 2512 2533 2545 2557 2567
1854 1862 1872 1882 1907 1920 1933 1945 1962 1968 1975 1982 1998 2007 2018 2028 2048 2059 2069 2080 2091 2111 2120 2129 2138 2157 2166 2174 2181 2197 2205 2213 2222 2230 2249 2258 2265 2269 2284 2291 2296 2301 2308 2312 2315 2317 2324 2327 2330 2333 2337 2342 2345 2347 2349 2353 2356 2360 2366 2376 2381 2386 2391 2403 2408 2414 2420 2427 2442 2449 2456 2460 2468 2472 2477 2481 2492 2498 2506 2503 2522 2533 2545 2557 2567
1859 1869 1880 1905 1919 1933 1946 1957 1973 1979 1986 1993 2007 2016 2026 2035 2054 2063 2073 2083 2094 2114 2123 2133 2142 2160 2169 2177 2184 2200 2207 2213 2222 2239 2249 2258 2265 2271 2286 2293 2299 2303 2310 2313 2316 2319 2326 2331 2335 2338 2345 2348 2351 2353 2356 2361 2364 2368 2373 2386 2392 2396 2401 2413 2418 2425 2432 2439 2456 2464 2471 2476 2485 2472 2477 2481 2492 2498 2506 2515 2534 2545 2557 2567 2576
1867 1878 1891 1919 1933 1948 1961 1972 1986 1993 1999 2005 2018 2026 2035 2044 2060 2068 2078 2087 2107 2117 2127 2137 2145 2160 2169 2177 2184 2200 2207 2215 2223 2242 2252 2261 2268 2281 2288 2295 2300 2305 2312 2315 2318 2321 2329 2333 2338 2342 2350 2354 2357 2359 2363 2370 2374 2379 2384 2401 2408 2413 2417 2428 2433 2440 2448 2448 2456 2464 2471 2476 2485 2489 2493 2497 2506 2512 2520 2528 2546 2556 2564 2572 2588
1878 1890 1904 1934 1950 1964 1977 1995 2001 2007 2012 2018 2030 2038 2045 2052 2067 2075 2083 2087 2107 2117 2127 2137 2145 2162 2171 2179 2186 2201 2208 2216 2224 2243 2254 2264 2271 2284 2290 2296 2301 2306 2315 2318 2321 2324 2332 2337 2342 2346 2355 2359 2363 2367 2378 2383 2389 2395 2399 2414 2422 2413 2417 2428 2433 2440 2448 2465 2475 2483 2490 2500 2505 2508 2511 2515 2524 2529 2534 2540 2554 2560 2566 2573 2586
1890 1903 1917 1950 1967 1980 1991 2009 2015 2020 2026 2031 2042 2038 2045 2052 2067 2075 2083 2093 2112 2122 2132 2141 2156 2164 2172 2180 2188 2202 2209 2217 2226 2245 2256 2267 2274 2285 2291 2297 2302 2312 2317 2320 2324 2327 2337 2342 2348 2354 2362 2367 2373 2381 2397 2383 2389 2395 2399 2414 2422 2428 2435 2445 2450 2457 2465 2484 2495 2504 2511 2521 2525 2528 2529 2532 2539 2542 2544 2547 2554 2558 2563 2568 2576
1902 1916 1932 1965 1980 1992 2003 2009 2015 2020 2026 2036 2042 2048 2055 2062 2076 2083 2091 2099 2118 2127 2136 2143 2158 2166 2174 2183 2190 2204 2212 2220 2229 2248 2259 2270 2277 2288 2293 2298 2303 2313 2319 2323 2328 2332 2343 2350 2356 2354 2362 2367 2373 2381 2397 2404 2410 2416 2423 2427 2433 2442 2451 2462 2467 2473 2481 2501 2513 2522 2529 2538 2541 2543 2544 2545 2546 2546 2546 2546 2549 2551 2554 2556 2558
1912 1927 1932 1965 1980 1992 2003 2020 2026 2031 2036 2046 2052 2058 2065 2074 2087 2093 2099 2106 2123 2131 2138 2146 2162 2169 2178 2186 2200 2207 2215 2223 2232 2250 2261 2273 2280 2291 2297 2302 2306 2316 2322 2328 2328 2338 2343 2350 2356 2362 2373 2381 2391 2404 2427 2436 2441 2444 2452 2453 2457 2465 2473 2484 2486 2491 2499 2517 2526 2533 2539 2546 2549 2552 2552 2547 2545 2543 2541 2540 2538 2538 2538 2538 2535
1912 1927 1944 1977 1990 2002 2012 2027 2032 2037 2043 2054 2060 2067 2075 2092 2097 2102 2107 2113 2127 2134 2141 2149 2165 2173 2180 2189 2203 2210 2218 2226 2242 2252 2263 2274 2283 2296 2297 2302 2306 2316 2322 2328 2333 2345 2352 2360 2367 2375 2393 2404 2418 2435 2462 2470 2474 2477 2485 2487 2490 2493 2506 2508 2508 2510 2516 2529 2534 2539 2542 2548 2549 2549 2549 2545 2540 2535 2531 2526 2538 2538 2538 2538 2535
1921 1936 1969 1984 1997 2008 2017 2031 2036 2042 2048 2061 2068 2075 2083 2098 2103 2108 2112 2117 2130 2137 2144 2152 2167 2174 2181 2190 2207 2214 2222 2230 2242 2252 2263 2274 2283 2296 2301 2306 2311 2322 2329 2335 2341 2355 2364 2374 2384 2406 2419 2432 2446 2461 2484 2493 2498 2502 2509 2512 2514 2516 2522 2523 2522 2523 2528 2531 2534 2536 2537 2541 2541 2537 2549 2545 2540 2535 2531 2526 2523 2521 2518 2516 2513
1928 1943 1973 1987 1999 2010 2019 2033 2039 2045 2052 2066 2074 2081 2089 2101 2106 2110 2115 2126 2132 2139 2146 2155 2169 2177 2181 2190 2207 2214 2222 2230 2247 2257 2267 2278 2295 2301 2307 2313 2319 2332 2339 2346 2353 2370 2381 2393 2405 2429 2442 2453 2464 2475 2494 2501 2507 2513 2520 2523 2526 2528 2530 2530 2529 2529 2528 2528 2534 2536 2537 2541 2541 2537 2534 2531 2525 2520 2514 2509 2506 2502 2499 2494 2492
1934 1948 1975 1988 2000 2010 2027 2034 2041 2048 2055 2070 2077 2084 2090 2102 2106 2111 2116 2128 2132 2139 2146 2155 2169 2177 2185 2194 2213 2222 2230 2238 2255 2265 2275 2285 2303 2311 2318 2325 2332 2347 2356 2364 2373 2391 2402 2414 2426 2447 2457 2466 2474 2491 2499 2505 2511 2516 2524 2527 2529 2531 2530 2530 2529 2529 2528 2528 2527 2527 2521 2521 2520 2516 2509 2504 2500 2496 2494 2490 2488 2485 2482 2476 2473
