Samoens-GIS/dem/IGN/dem_Samoens.asc
ncols         302
nrows         189
xllcorner     324833.65168502
[rows 114 to 151 of 189, columns 0 to 84 of 302]
2013 1991 1976 1954 1929 1867 1699 1680 1671 1665 1269 1273 1276 1278 1279 1278 1277 1268 1259 1246 1226 1173 1145 1120 1100 1071 1055 1037 1017 993 939 919 903 889 872 868 864 861 859 859 859 858 856 848 848 846 844 841 840 838 837 835 834 833 832 830 831 831 832 834 835 836 837 841 853 861 870 880 908 924 941 958 987 1003 1017 1028 1039 1062 1077 1090 1100 1111 1137 1163 1189
2001 1977 1959 1933 1902 1744 1688 1675 1673 1668 1276 1279 1279 1279 1279 1279 1278 1275 1270 1260 1243 1190 1160 1132 1108 1071 1054 1034 1014 990 939 919 902 889 870 864 861 858 859 859 859 858 852 848 846 843 841 839 837 836 835 834 833 832 832 831 831 832 833 836 837 838 839 842 855 864 874 885 912 928 947 967 1000 1015 1028 1041 1052 1079 1094 1090 1100 1111 1137 1163 1189
1991 1964 1944 1916 1880 1748 1694 1676 1673 1665 1278 1280 1280 1279 1280 1281 1281 1282 1279 1273 1260 1209 1175 1142 1115 1073 1055 1034 1011 961 936 916 902 889 870 864 861 858 855 856 857 857 853 847 843 840 837 836 835 834 834 833 833 832 832 832 832 833 833 836 838 840 841 845 860 866 876 889 913 926 949 973 1011 1015 1028 1041 1064 1079 1094 1101 1101 1128 1151 1175 1198
1983 1954 1932 1903 1870 1759 1707 1682 1673 1645 1276 1280 1280 1281 1283 1285 1289 1289 1288 1284 1273 1227 1188 1149 1120 1072 1055 1034 1011 961 936 916 899 885 866 860 856 853 852 853 854 856 852 846 840 836 833 833 832 832 833 833 833 833 833 833 833 834 834 835 837 839 842 855 863 870 880 889 913 926 949 973 1011 1026 1042 1057 1079 1092 1104 1109 1121 1146 1166 1186 1206
1977 1947 1922 1894 1864 1770 1721 1692 1676 1645 1274 1279 1282 1284 1287 1290 1294 1296 1296 1294 1273 1227 1188 1149 1120 1072 1054 1034 1009 955 931 911 895 870 862 856 852 850 850 850 850 851 849 845 839 834 831 830 831 832 833 834 834 833 833 834 835 834 834 834 835 839 842 855 863 870 880 892 911 924 950 977 1019 1036 1052 1069 1084 1099 1115 1130 1152 1163 1180 1198 1215
1973 1942 1917 1887 1856 1778 1736 1705 1682 1642 1274 1279 1284 1287 1287 1290 1294 1296 1296 1294 1268 1240 1198 1155 1123 1068 1049 1031 1006 947 924 905 888 865 858 852 849 847 847 846 845 845 844 842 837 833 830 829 831 832 833 834 833 833 832 833 835 834 834 834 835 838 843 859 869 877 886 906 919 933 960 988 1032 1048 1065 1077 1102 1117 1131 1146 1176 1191 1209 1226 1244
1957 1939 1910 1880 1847 1778 1736 1705 1682 1642 1274 1279 1284 1287 1291 1294 1299 1301 1302 1301 1280 1250 1205 1163 1129 1066 1041 1023 1000 938 915 895 880 859 853 848 846 845 844 842 840 838 837 837 835 831 829 829 830 832 833 834 833 833 832 833 834 833 833 833 834 839 845 866 874 879 890 914 928 942 970 999 1044 1061 1077 1091 1119 1134 1148 1163 1200 1219 1237 1255 1291
1957 1939 1910 1880 1847 1774 1740 1711 1684 1640 1272 1278 1285 1289 1293 1296 1301 1302 1304 1304 1289 1259 1211 1168 1096 1060 1030 1010 989 929 907 887 872 854 848 844 842 843 841 839 836 832 831 832 835 831 829 829 830 832 832 832 831 831 829 830 831 831 832 834 837 843 852 877 876 887 898 923 937 951 980 1039 1056 1073 1090 1106 1137 1151 1165 1179 1224 1247 1265 1283 1322
1952 1928 1905 1874 1800 1764 1734 1709 1684 1641 1270 1281 1284 1287 1292 1295 1300 1301 1301 1302 1291 1261 1213 1165 1086 1049 1020 1001 949 920 900 883 867 848 843 839 839 839 841 839 836 832 831 832 832 830 827 828 829 830 829 828 828 827 826 827 828 829 835 839 845 853 866 889 897 909 920 948 965 982 1018 1089 1109 1129 1148 1163 1193 1212 1231 1179 1224 1247 1265 1283 1322
1941 1921 1887 1854 1789 1760 1729 1705 1683 1643 1267 1277 1280 1282 1286 1290 1295 1296 1297 1297 1287 1258 1211 1163 1077 1042 1019 999 944 914 895 879 867 848 843 839 839 839 837 835 833 829 827 827 828 826 826 826 826 826 825 824 824 823 821 823 825 829 840 847 855 865 876 904 918 930 942 974 993 1012 1055 1109 1136 1129 1148 1178 1193 1212 1231 1250 1299 1324 1344 1365 1405
1941 1905 1870 1834 1772 1748 1723 1702 1662 1646 1262 1271 1273 1274 1278 1285 1288 1290 1291 1289 1276 1250 1207 1164 1083 1048 1019 999 944 914 895 879 851 843 838 835 835 835 834 832 831 827 825 824 824 824 824 823 823 823 822 822 821 820 818 820 825 832 844 847 861 875 906 922 939 952 964 999 993 1012 1055 1109 1136 1154 1207 1214 1227 1244 1263 1306 1329 1357 1389 1421 1487
1927 1889 1852 1814 1757 1729 1716 1696 1663 1647 1254 1263 1265 1266 1269 1276 1280 1282 1282 1271 1259 1250 1207 1164 1083 1048 1024 1001 944 913 890 873 845 838 833 832 832 834 832 831 830 826 826 824 823 823 822 821 820 821 821 820 819 818 817 820 828 835 848 856 875 894 906 922 939 952 964 999 1021 1043 1078 1127 1164 1198 1224 1246 1259 1277 1301 1345 1364 1393 1437 1479 1518
1903 1872 1840 1808 1753 1730 1707 1690 1662 1647 1244 1252 1256 1259 1261 1276 1280 1282 1282 1271 1259 1235 1199 1165 1094 1059 1028 1000 938 907 882 863 840 834 830 829 831 832 832 830 829 827 828 826 823 821 819 819 819 820 820 819 818 817 818 824 828 835 848 856 875 894 931 949 967 1000 1067 1088 1074 1093 1108 1159 1195 1233 1264 1299 1321 1344 1371 1410 1424 1452 1489 1529 1544
1880 1854 1828 1803 1749 1725 1707 1690 1662 1647 1244 1252 1256 1259 1261 1266 1269 1270 1269 1255 1240 1218 1190 1129 1094 1057 1021 990 924 894 871 854 837 831 828 826 829 830 830 829 828 827 827 825 822 818 818 818 819 820 820 819 818 817 818 824 831 834 855 865 889 913 957 976 996 1049 1092 1110 1125 1141 1180 1208 1241 1276 1308 1356 1388 1414 1435 1472 1488 1509 1526 1545 1562
1880 1854 1828 1803 1749 1725 1703 1687 1658 1645 1238 1242 1246 1250 1253 1257 1259 1259 1257 1240 1224 1202 1175 1111 1071 1033 1000 971 907 881 862 849 835 830 825 824 826 827 828 827 824 823 822 821 822 818 818 818 819 820 820 819 818 819 823 831 831 838 862 874 903 932 982 1003 1061 1098 1126 1148 1170 1192 1234 1259 1289 1320 1348 1400 1429 1453 1471 1506 1524 1540 1548 1564 1580
1856 1836 1817 1765 1740 1717 1700 1686 1656 1644 1229 1233 1237 1240 1243 1247 1248 1248 1245 1227 1210 1186 1154 1077 1033 998 972 917 891 870 856 847 835 828 823 821 822 824 828 827 824 823 822 821 818 815 816 817 818 819 819 819 819 823 831 837 842 871 892 912 951 991 1053 1075 1097 1117 1161 1184 1212 1241 1285 1305 1329 1355 1406 1430 1452 1472 1490 1521 1524 1540 1548 1564 1580
1844 1823 1800 1750 1729 1711 1697 1685 1657 1645 1220 1223 1227 1229 1234 1235 1236 1234 1231 1212 1193 1166 1129 1040 1000 968 944 897 876 861 851 845 832 828 823 821 822 824 825 824 822 820 819 817 813 813 813 814 815 817 818 819 821 830 837 841 853 893 921 949 999 1066 1085 1106 1127 1145 1197 1225 1256 1284 1322 1337 1356 1379 1406 1430 1452 1472 1490 1521 1536 1550 1563 1582 1595
1831 1810 1789 1740 1723 1706 1691 1669 1658 1646 1209 1212 1215 1218 1222 1223 1222 1220 1215 1193 1171 1140 1100 1011 974 942 918 897 876 861 851 840 832 825 820 819 819 821 822 822 819 818 817 815 810 810 811 811 812 815 818 820 823 835 834 849 863 914 951 987 1048 1088 1108 1135 1156 1174 1231 1260 1256 1284 1322 1337 1356 1379 1425 1445 1465 1484 1515 1528 1541 1555 1570 1595 1609
1819 1797 1775 1738 1723 1704 1687 1665 1658 1648 1198 1200 1203 1206 1210 1210 1209 1205 1188 1170 1143 1140 1100 1011 974 942 918 881 866 854 846 836 828 821 817 816 816 817 818 819 817 815 814 812 808 808 808 809 812 815 818 822 826 841 845 866 887 943 977 1012 1063 1102 1108 1135 1156 1200 1231 1260 1287 1309 1340 1353 1369 1389 1429 1448 1467 1486 1516 1529 1543 1557 1573 1603 1623
1805 1786 1767 1729 1718 1705 1687 1664 1658 1650 1187 1188 1190 1193 1197 1210 1209 1205 1188 1170 1143 1110 1070 987 951 920 897 869 858 849 842 830 822 817 814 813 813 813 815 816 814 813 812 810 806 806 807 808 812 815 820 825 839 853 856 883 887 943 977 1012 1063 1102 1122 1148 1172 1223 1252 1277 1299 1317 1346 1359 1373 1390 1428 1447 1465 1482 1514 1529 1544 1559 1592 1613 1641
1791 1775 1759 1727 1711 1703 1687 1664 1658 1650 1187 1188 1190 1193 1197 1198 1196 1190 1164 1138 1107 1074 998 962 929 903 884 863 854 846 839 825 818 814 812 810 810 810 811 812 811 810 809 807 805 806 807 809 814 818 820 825 839 853 856 883 911 971 1004 1036 1063 1107 1129 1152 1175 1230 1257 1278 1297 1330 1344 1357 1371 1386 1425 1444 1462 1479 1514 1531 1547 1563 1601 1629 1663
1791 1775 1759 1727 1711 1703 1688 1665 1659 1650 1176 1176 1178 1181 1185 1185 1181 1172 1131 1096 1064 1033 966 936 911 891 879 861 852 844 837 822 816 812 809 808 808 808 808 808 807 806 804 803 804 806 807 809 814 818 824 831 849 866 884 901 968 999 1030 1049 1072 1111 1135 1157 1178 1228 1251 1271 1290 1321 1335 1350 1365 1379 1421 1442 1461 1480 1518 1536 1553 1571 1615 1648 1685
1777 1764 1739 1725 1715 1703 1689 1666 1658 1649 1163 1164 1166 1168 1171 1169 1162 1149 1093 1056 1023 992 936 915 898 885 868 860 851 843 835 819 813 810 808 807 807 806 805 808 807 806 804 803 804 806 809 811 819 825 833 841 863 880 902 926 983 1012 1038 1061 1080 1121 1144 1166 1186 1224 1244 1263 1281 1310 1325 1341 1358 1396 1417 1437 1457 1476 1525 1544 1553 1571 1615 1648 1685
1767 1756 1732 1727 1716 1702 1690 1667 1657 1647 1149 1152 1153 1156 1155 1150 1139 1119 1055 1021 989 957 913 899 888 880 866 858 849 841 832 815 811 810 808 807 807 806 805 803 801 800 799 801 804 807 811 815 828 836 844 854 877 895 917 940 996 1025 1050 1071 1114 1136 1156 1174 1192 1222 1240 1258 1275 1302 1318 1336 1355 1393 1417 1437 1457 1476 1525 1544 1563 1583 1632 1666 1705
1758 1747 1733 1728 1714 1700 1677 1666 1655 1644 1136 1138 1139 1141 1135 1123 1105 1080 1016 986 957 930 897 888 880 874 862 858 849 841 823 815 811 809 808 807 806 805 803 799 797 796 796 801 805 810 816 830 838 847 857 867 893 910 928 954 1007 1036 1061 1083 1127 1146 1163 1178 1194 1221 1238 1256 1275 1302 1318 1336 1355 1393 1408 1425 1443 1488 1524 1554 1574 1596 1649 1683 1723
1748 1738 1729 1724 1712 1698 1674 1662 1651 1639 1121 1124 1125 1121 1107 1084 1059 1003 977 953 929 930 897 888 880 874 862 853 845 836 818 812 808 807 806 805 804 802 800 795 793 793 794 802 809 815 823 841 850 859 869 880 900 914 917 961 1021 1048 1073 1096 1136 1151 1163 1178 1208 1221 1238 1256 1271 1299 1317 1336 1358 1381 1400 1419 1438 1489 1514 1558 1584 1606 1665 1700 1739
1750 1738 1727 1720 1708 1694 1669 1658 1645 1633 1107 1109 1109 1094 1072 1044 1059 1003 977 953 929 908 884 879 874 868 855 847 838 829 813 808 805 804 803 802 800 797 795 791 790 791 794 807 815 823 832 852 862 872 882 882 899 915 931 961 1037 1048 1073 1096 1136 1151 1166 1180 1208 1223 1239 1256 1272 1304 1322 1341 1359 1387 1407 1426 1446 1501 1528 1567 1598 1647 1679 1712 1744
1751 1738 1727 1716 1704 1690 1669 1658 1645 1633 1107 1109 1109 1094 1072 1044 1017 965 943 925 908 882 875 870 865 860 844 837 830 822 807 803 801 800 798 796 794 791 787 787 788 791 797 815 823 832 842 863 874 884 894 882 899 915 931 961 1037 1063 1087 1108 1144 1159 1173 1187 1216 1232 1248 1264 1297 1310 1324 1340 1358 1394 1414 1434 1454 1513 1543 1584 1611 1663 1688 1723 1744
1751 1738 1727 1716 1704 1690 1664 1652 1639 1626 1092 1093 1091 1064 1038 1010 984 936 919 906 895 874 866 860 854 839 831 824 818 812 801 798 796 795 791 789 787 785 784 785 789 794 802 822 831 832 842 863 874 884 894 891 909 927 945 1014 1046 1070 1096 1122 1156 1170 1185 1200 1232 1243 1256 1272 1303 1308 1324 1341 1361 1400 1421 1441 1462 1525 1557 1596 1618 1669 1695 1706 1730
1753 1730 1725 1714 1701 1686 1658 1646 1632 1618 1076 1075 1070 1034 1006 979 954 915 904 894 886 866 857 850 841 823 816 811 806 802 794 792 791 790 785 784 782 781 782 785 789 794 813 822 831 841 852 872 884 897 910 910 928 946 964 1020 1048 1070 1093 1128 1169 1183 1197 1213 1238 1242 1259 1275 1307 1322 1338 1353 1382 1397 1421 1445 1469 1523 1550 1584 1618 1669 1695 1706 1730
1745 1717 1718 1713 1698 1682 1652 1638 1624 1610 1059 1056 1033 1011 983 956 932 902 893 886 877 857 847 837 827 809 804 800 796 789 787 786 786 790 785 784 782 781 782 786 792 800 821 831 840 851 863 885 899 912 925 940 947 965 983 1034 1059 1082 1104 1156 1173 1188 1203 1219 1236 1252 1269 1287 1323 1337 1351 1366 1385 1394 1421 1445 1469 1523 1550 1584 1617 1666 1682 1698 1727
1737 1711 1712 1707 1693 1663 1648 1632 1616 1601 1042 1037 1012 992 968 943 904 892 884 876 867 845 834 823 813 798 794 791 796 789 787 786 786 785 781 780 779 779 784 790 798 808 830 841 851 863 888 902 917 930 941 947 965 984 1002 1048 1071 1093 1116 1154 1170 1186 1201 1217 1247 1263 1278 1298 1339 1337 1351 1366 1385 1394 1421 1448 1498 1521 1544 1572 1600 1649 1669 1689 1724
1729 1712 1707 1697 1685 1658 1643 1625 1608 1594 1023 1019 992 974 953 932 895 882 873 865 855 832 834 823 813 798 794 791 788 783 781 781 780 780 779 778 778 779 788 796 806 818 841 851 863 876 903 919 933 946 958 967 986 1005 1024 1068 1090 1109 1127 1161 1176 1192 1207 1232 1247 1263 1278 1298 1339 1352 1365 1378 1387 1391 1421 1452 1500 1519 1537 1560 1616 1656 1688 1699 1721
1719 1705 1696 1687 1676 1651 1636 1619 1602 1563 1004 999 972 955 936 917 895 882 873 865 844 832 821 811 802 790 787 784 782 778 777 777 776 777 778 778 778 780 793 803 815 828 851 863 876 889 918 933 947 956 974 988 1007 1027 1046 1088 1109 1109 1127 1161 1176 1192 1207 1238 1254 1270 1286 1308 1352 1367 1382 1398 1405 1408 1437 1466 1515 1536 1557 1578 1621 1652 1682 1713 1753
1708 1695 1686 1677 1667 1642 1628 1619 1602 1563 1004 999 972 955 936 917 882 870 861 852 832 821 811 802 795 785 782 779 777 774 774 774 774 775 777 778 779 790 800 811 824 836 862 875 889 903 933 943 953 953 990 988 1007 1027 1046 1088 1109 1124 1139 1168 1183 1197 1213 1243 1260 1277 1293 1341 1365 1382 1400 1417 1423 1426 1453 1480 1531 1554 1577 1596 1635 1672 1709 1746 1824
1698 1695 1686 1677 1667 1642 1628 1613 1596 1560 986 979 952 935 918 899 869 857 848 838 820 811 803 796 786 781 778 775 773 772 772 772 772 774 775 777 781 796 807 819 831 845 873 888 903 903 933 943 953 953 990 1008 1028 1048 1088 1108 1128 1139 1150 1175 1189 1203 1218 1249 1266 1284 1301 1352 1378 1398 1417 1439 1441 1443 1469 1494 1546 1571 1597 1615 1692 1721 1735 1778 1855
1685 1687 1678 1669 1658 1633 1621 1607 1592 1557 970 950 935 918 900 884 856 845 836 826 809 802 795 790 781 777 774 772 771 769 770 771 771 772 775 779 784 802 814 825 831 859 873 888 903 918 938 946 958 970 1011 1032 1052 1072 1111 1129 1148 1161 1174 1200 1213 1226 1239 1265 1279 1292 1306 1357 1383 1416 1449 1499 1516 1533 1560 1588 1636 1656 1677 1692 1724 1721 1735 1778 1855
1690 1682 1671 1660 1648 1624 1613 1602 1588 1553 956 936 921 904 887 872 846 835 825 815 800 794 788 783 774 772 770 770 769 769 770 770 770 773 775 779 784 802 814 825 840 870 885 902 918 925 938 954 971 988 1033 1055 1076 1096 1133 1151 1168 1183 1214 1226 1237 1249 1259 1280 1291 1301 1312 1398 1420 1434 1480 1558 1590 1622 1652 1616 1636 1656 1677 1692 1724 1752 1780 1807 1860
